0|3HGRM3854GG011538|48102|83155|1|0|0|FELIPE DE JESUS|VILLASEÑOR|FONSECA|0|0|0
1|1|1|1|0|0|0|T014957|T012569|0|0|0|0|0|0|0|0|0
1|2|1|1|0|0|0|T014957|T003397|0|0|0|0|0|0|0|0|0
1|3|1|1|0|0|0|T014957|T003397|0|0|0|0|0|0|0|0|0
1|4|1|1|0|0|0|T014957|T014957|0|0|0|0|0|0|0|0|0
1|5|1|1|0|0|0|T014957|T014957|0|0|0|0|0|0|0|0|0
1|6|1|1|0|0|0|T014957|T014957|0|0|0|0|0|0|0|0|0
1|7|1|1|0|0|0|T014957|T014957|0|0|0|0|0|0|0|0|0
1|8|1|1|0|0|0|T014957|T014957|0|0|0|0|0|0|0|0|0
1|9|1|1|0|0|0|T014957|T014957|0|0|0|0|0|0|0|0|0
1|10|1|1|0|0|0|T014957|T014957|0|0|0|0|0|0|0|0|0
0|19XFB2695FE602608|37340|83156|1|0|0|MARIA ASCENCION|ALTAMIRANO|GUZMAN|0|0|0
1|1|1|1|0|0|0|T014958|T012891|0|0|0|0|0|0|0|0|0
1|2|1|1|0|0|0|T014958|0|0|0|0|0|0|0|0|0|0
1|3|1|1|0|0|0|T014958|0|0|0|0|0|0|0|0|0|0
1|4|1|1|0|0|0|T014958|T014958|0|0|0|0|0|0|0|0|0
1|5|1|1|0|0|0|T014958|T014958|0|0|0|0|0|0|0|0|0
1|6|1|1|0|0|0|T014958|T014958|0|0|0|0|0|0|0|0|0
1|7|1|1|0|0|0|T014958|T014958|0|0|0|0|0|0|0|0|0
0|19XFC1603HE603056|15570|83157|1|0|0|JOSE  SALVADOR|ARIAS|RIVERA|0|0|0
1|1|1|1|0|0|0|T012011|T015225|0|0|0|0|0|0|0|0|0
1|2|1|1|0|0|0|T012011|T003397|0|0|0|0|0|0|0|0|0
1|3|1|1|0|0|0|T012011|T003397|0|0|0|0|0|0|0|0|0
1|4|1|1|0|0|0|T012011|T012011|0|0|0|0|0|0|0|0|0
1|5|1|1|0|0|0|T012011|T012011|0|0|0|0|0|0|0|0|0
1|6|1|1|0|0|0|T012011|T012011|0|0|0|0|0|0|0|0|0
1|7|1|1|0|0|0|T012011|T012011|0|0|0|0|0|0|0|0|0
0|3CZRE3830BG002347|55750|83158|1|0|0|VICTORIA|DE LEON|GUIZAR|0|0|0
1|1|1|1|0|0|0|T014958|T012891|0|0|0|0|0|0|0|0|0
1|2|1|1|0|0|0|T014958|0|0|0|0|0|0|0|0|0|0
1|3|1|1|0|0|0|T014958|0|0|0|0|0|0|0|0|0|0
1|4|1|1|0|0|0|T014958|T014958|0|0|0|0|0|0|0|0|0
1|5|1|1|0|0|0|T014958|T014958|0|0|0|0|0|0|0|0|0
1|6|1|1|0|0|0|T014958|T014958|0|0|0|0|0|0|0|0|0
1|7|1|1|0|0|0|T014958|T014958|0|0|0|0|0|0|0|0|0
0|3HGRU583XJM006511|12|83167|0|0|0|AVANTE DISTRIBUIDOR AUTOMOTRIZ S.A. DE C.V.|0|0|0|0|0
1|1|0|0|0|0|0|T014957|T012569|0|0|0|0|0|0|0|0|0
1|2|0|0|0|0|0|T014957|T014957|0|0|0|0|0|0|0|0|0
0|1HGRW1844HL902598|23657|83165|1|0|0|BENIGNO|GONZALEZ|GUEVARA|0|0|0
1|1|1|1|0|0|0|T012011|T015225|0|0|0|0|0|0|0|0|0
1|2|1|1|0|0|0|T012011|T015225|0|0|0|0|0|0|0|0|0
1|3|1|1|0|0|0|T012011|0|0|0|0|0|0|0|0|0|0
1|4|1|1|0|0|0|T012011|0|0|0|0|0|0|0|0|0|0
1|5|1|1|0|0|0|T012011|T012011|0|0|0|0|0|0|0|0|0
1|6|1|1|0|0|0|T012011|T012011|0|0|0|0|0|0|0|0|0
1|7|1|1|0|0|0|T012011|T012011|0|0|0|0|0|0|0|0|0
1|8|1|1|0|0|0|T012011|T012011|0|0|0|0|0|0|0|0|0
1|9|1|1|0|0|0|T012011|T012011|0|0|0|0|0|0|0|0|0
1|10|1|1|0|0|0|T012011|T012011|0|0|0|0|0|0|0|0|0
0|19XFC2662HE601275|20345|83159|1|0|0|LUIS ERNESTO|BERNAL|REGALADO|0|0|0
1|1|1|1|0|0|0|T012011|T015225|0|0|0|0|0|0|0|0|0
1|2|1|1|0|0|0|T012011|0|0|0|0|0|0|0|0|0|0
1|3|1|1|0|0|0|T012011|0|0|0|0|0|0|0|0|0|0
1|4|1|1|0|0|0|T012011|T012011|0|0|0|0|0|0|0|0|0
1|5|1|1|0|0|0|T012011|T012011|0|0|0|0|0|0|0|0|0
1|6|1|1|0|0|0|T012011|T012011|0|0|0|0|0|0|0|0|0
1|7|1|1|0|0|0|T012011|T012011|0|0|0|0|0|0|0|0|0
1|8|1|1|0|0|0|T012011|T012011|0|0|0|0|0|0|0|0|0
1|9|1|1|0|0|0|T012011|T012011|0|0|0|0|0|0|0|0|0
0|JHMRE38577C410442|100528|83160|1|0|0|SOCORRO|FONSECA|RODRIGUEZ|0|0|0
1|1|1|1|0|0|0|T012011|T015937|0|0|0|0|0|0|0|0|0
1|2|1|1|0|0|0|T012011|0|0|0|0|0|0|0|0|0|0
1|3|1|1|0|0|0|T012011|0|0|0|0|0|0|0|0|0|0
1|4|1|1|0|0|0|T012011|T012011|0|0|0|0|0|0|0|0|0
1|5|1|1|0|0|0|T012011|T012011|0|0|0|0|0|0|0|0|0
1|6|1|1|0|0|0|T012011|T012011|0|0|0|0|0|0|0|0|0
1|7|1|1|0|0|0|T012011|T012011|0|0|0|0|0|0|0|0|0
1|8|1|1|0|0|0|T012011|T012011|0|0|0|0|0|0|0|0|0
1|9|1|1|0|0|0|T012011|T012011|0|0|0|0|0|0|0|0|0
1|10|1|1|0|0|0|T012011|T012011|0|0|0|0|0|0|0|0|0
1|11|1|1|0|0|0|T012011|T012011|0|0|0|0|0|0|0|0|0
1|12|1|1|0|0|0|T012011|T012011|0|0|0|0|0|0|0|0|0
0|3HGRM4878GG000744|24062|83161|1|0|0|ROSA|PONCE|MUÑOZ|0|0|0
1|1|1|1|0|0|0|T012011|T015225|0|0|0|0|0|0|0|0|0
1|2|1|1|0|0|0|T012011|0|0|0|0|0|0|0|0|0|0
1|3|1|1|0|0|0|T012011|0|0|0|0|0|0|0|0|0|0
1|4|1|1|0|0|0|T012011|T012011|0|0|0|0|0|0|0|0|0
1|5|1|1|0|0|0|T012011|T012011|0|0|0|0|0|0|0|0|0
1|6|1|1|0|0|0|T012011|T012011|0|0|0|0|0|0|0|0|0
1|7|1|1|0|0|0|T012011|T012011|0|0|0|0|0|0|0|0|0
0|19XFC1605GE603168|37467|83168|0|0|0|ROSA ISELA|ZUÑIGA|OCAMPO|0|0|0
1|1|4|0|0|0|0|T014958|T012891|0|0|0|0|0|0|0|0|0
1|2|4|0|0|0|0|T014958|T014958|0|0|0|0|0|0|0|0|0
0|3HGRM3851GG011349|19057|83162|1|0|0|LETICIA YADIRA|RANGEL|PINEDA|0|0|0
1|1|1|1|0|0|0|T014957|T012569|0|0|0|0|0|0|0|0|0
1|2|1|1|0|0|0|T014957|0|0|0|0|0|0|0|0|0|0
1|3|1|1|0|0|0|T014957|0|0|0|0|0|0|0|0|0|0
1|4|1|1|0|0|0|T014957|T014957|0|0|0|0|0|0|0|0|0
1|5|1|1|0|0|0|T014957|T014957|0|0|0|0|0|0|0|0|0
1|6|1|1|0|0|0|T014957|T014957|0|0|0|0|0|0|0|0|0
1|7|1|1|0|0|0|T014957|T014957|0|0|0|0|0|0|0|0|0
1|8|1|1|0|0|0|T014957|T014957|0|0|0|0|0|0|0|0|0
1|9|1|1|0|0|0|T014957|T014957|0|0|0|0|0|0|0|0|0
0|3HGRM3857GG012067|22928|83171|0|0|0|JOSE DE JESUS|HERRERA|ORTIZ|0|0|0
1|1|4|0|0|0|0|T014957|T012569|0|0|0|0|0|0|0|0|0
1|2|4|0|0|0|0|T014957|T014957|0|0|0|0|0|0|0|0|0
0|3HGCM56395G002947|95999|83163|1|0|0|RODRIGO|CASTAÑEDA|ALTAMIRANO|0|0|0
1|1|2|1|0|0|0|T014958|T012891|0|0|0|0|0|0|0|0|0
1|2|2|1|0|0|0|T014958|0|0|0|0|0|0|0|0|0|0
0|3HGRM3859EG011905|25036|83164|1|0|0|MATILDE|MARISCAL|MEJORADO|0|0|0
1|1|1|1|0|0|0|T014958|T012891|0|0|0|0|0|0|0|0|0
1|2|1|1|0|0|0|T014958|0|0|0|0|0|0|0|0|0|0
1|3|1|1|0|0|0|T014958|0|0|0|0|0|0|0|0|0|0
1|4|1|1|0|0|0|T014958|T014958|0|0|0|0|0|0|0|0|0
1|5|1|1|0|0|0|T014958|T014958|0|0|0|0|0|0|0|0|0
1|6|1|1|0|0|0|T014958|T014958|0|0|0|0|0|0|0|0|0
1|7|1|1|0|0|0|T014958|T014958|0|0|0|0|0|0|0|0|0
0|3HGRU5855HM015998|8801|83166|1|0|0|LOURDES VIRIDIANA|CARRILLO|MONTOYA|0|0|0
1|1|1|1|0|0|0|T014957|T012569|0|0|0|0|0|0|0|0|0
1|2|1|1|0|0|0|T014957|0|0|0|0|0|0|0|0|0|0
1|3|1|1|0|0|0|T014957|0|0|0|0|0|0|0|0|0|0
1|4|1|1|0|0|0|T014957|T014957|0|0|0|0|0|0|0|0|0
1|5|1|1|0|0|0|T014957|T014957|0|0|0|0|0|0|0|0|0
1|6|1|1|0|0|0|T014957|T014957|0|0|0|0|0|0|0|0|0
1|7|1|1|0|0|0|T014957|T014957|0|0|0|0|0|0|0|0|0
1|8|1|1|0|0|0|T014957|T014957|0|0|0|0|0|0|0|0|0
1|9|1|1|0|0|0|T014957|T014957|0|0|0|0|0|0|0|0|0
1|10|1|1|0|0|0|T014957|T014957|0|0|0|0|0|0|0|0|0
